  1    1                2 2.525e-06 
  2    2                2 1.202e-06 
  3    3                3 1.072e-06 
  4    3                3 1.102e-06 
  5    4                3 1.062e-06 
  6    4                3 1.113e-06 
  7    5                4 9.620e-07 
  8    5                4 1.062e-06 
  9    5                4 1.242e-06 
 10    6                4 1.242e-06 
 11    6                4 1.082e-06 
 12    6                4 5.810e-07 
 13    7                5 5.510e-07 
 14    7                5 4.600e-07 
 15    7                5 4.710e-07 
 16    7                5 5.810e-07 
 17    8                5 5.720e-07 
 18    8                5 4.810e-07 
 19    8                5 4.810e-07 
 20    8                5 5.510e-07 
 21    9                6 1.242e-06 
 22    9                6 6.820e-07 
 23    9                6 5.610e-07 
 24    9                6 5.910e-07 
 25    9                6 6.510e-07 
 26   10                6 5.010e-07 
 27   10                6 4.810e-07 
 28   10                6 5.010e-07 
 29   10                6 4.810e-07 
 30   11                7 4.810e-07 
 31   11                7 4.810e-07 
 32   11                7 4.910e-07 
 33   12                8 4.610e-07 
 34   12                8 4.810e-07 
 35   12                8 4.910e-07 
 36   13                9 1.272e-06 
 37   13                9 4.710e-07 
 38   13                9 5.010e-07 
 39   14               10 5.110e-07 
 40   14               10 5.110e-07 
 41   14               10 5.110e-07 
 42   15               11 5.710e-07 
 43   15               11 5.810e-07 
 44   15               11 5.510e-07 
 45   16               12 6.410e-07 
 46   16               12 5.510e-07 
 47   16               12 6.410e-07 
 48   16               12 7.010e-07 
 49   17                5 4.400e-07 
 50   17                5 4.910e-07 
 55   19                7 8.020e-07 
 60   22               10 4.500e-07 
 65   24               12 4.010e-07 
 70   26               14 4.810e-07 
 75   27                6 3.500e-07 
 80   28                6 3.510e-07 
 85   29                7 4.310e-07 
 90   30                7 4.100e-07 
 95   32                9 4.310e-07 
100   34               11 3.910e-07 
110   39               16 8.520e-07 
120   42               19 7.310e-07 
130   44                7 3.800e-07 
140   46                8 4.210e-07 
150   48               10 5.210e-07 
160   52               11 4.710e-07 
170   57               16 4.410e-07 
180   60               19 4.910e-07 
190   62                7 4.110e-07 
200   64                7 3.800e-07 
220   72               15 9.820e-07 
240   79               21 8.010e-07 
260   83                9 5.110e-07 
280   89               13 6.010e-07 
300   97               16 4.910e-07 
320  101                9 4.510e-07 
340  111               17 4.910e-07 
360  115                8 4.110e-07 
380  120               11 5.610e-07 
400  128               15 4.500e-07 
420  134               20 1.042e-06 
440  139               11 6.110e-07 
460  147               18 6.110e-07 
480  152                9 4.810e-07 
500  157               11 4.610e-07 
520  164               17 5.510e-07 
540  169               12 5.210e-07 
560  175               13 5.210e-07 
580  182               19 5.710e-07 
600  186                9 4.510e-07 
620  192               14 5.510e-07 
640  200               18 5.510e-07 
660  204                9 4.310e-07 
680  210               14 5.110e-07 
700  218               15 4.910e-07 
720  222                9 4.110e-07 
740  231               16 4.400e-07 
760  235                9 3.910e-07 
780  239               10 5.410e-07 
800  248               16 5.110e-07 
