  1    1                2 1.112e-05 
  2    2                2 1.183e-06 
  3    3                5 1.342e-06 
  4    3                3 9.920e-07 
  5    4                4 1.072e-06 
  6    4                6 1.192e-06 
  7    5                7 1.152e-06 
  8    5                7 1.162e-06 
  9    5                7 1.122e-06 
 10    6                9 1.223e-06 
 11    6                9 3.005e-06 
 12    6                6 1.293e-06 
 13    7               13 1.553e-06 
 14    7               14 1.613e-06 
 15    7               13 1.603e-06 
 16    7                8 1.272e-06 
 17    8               11 2.110e-06 
 18    8               17 1.533e-06 
 19    8               17 1.663e-06 
 20    8               12 1.643e-06 
 21    9               15 5.110e-06 
 22    9               17 7.210e-07 
 23    9               22 6.920e-07 
 24    9               18 6.310e-07 
 25    9               10 4.810e-07 
 26   10               12 5.010e-07 
 27   10               12 5.210e-07 
 28   10               10 5.110e-07 
 29   10               12 4.700e-07 
 30   11               13 5.010e-07 
 31   11               13 4.910e-07 
 32   11               10 4.610e-07 
 33   12               11 5.010e-07 
 34   12               11 4.900e-07 
 35   12               14 4.810e-07 
 36   13               15 5.110e-07 
 37   13               15 5.110e-07 
 38   13               12 4.510e-07 
 39   14               13 5.010e-07 
 40   14               13 5.110e-07 
 41   14               16 4.910e-07 
 42   15               18 5.210e-07 
 43   15               18 5.410e-07 
 44   15               15 5.010e-07 
 45   16               18 5.310e-07 
 46   16               19 5.410e-07 
 47   16               23 6.010e-07 
 48   16               18 5.520e-07 
 49   17               19 5.810e-07 
 50   17               18 7.510e-07 
 55   19               17 1.502e-06 
 60   22               20 7.910e-07 
 65   24               16 6.010e-07 
 70   26               33 1.032e-06 
 75   27               36 9.720e-07 
 80   28               43 9.520e-07 
 85   29               45 1.042e-06 
 90   30               37 1.052e-06 
 95   32               33 8.520e-07 
100   34               26 6.910e-07 
110   39               24 1.883e-06 
120   42               31 8.320e-07 
130   44               38 8.610e-07 
140   46               29 7.620e-07 
150   48               22 9.320e-07 
160   52               18 1.018e-05 
170   57               20 6.610e-07 
180   60               75 1.853e-06 
190   62               76 1.262e-06 
200   64               88 1.553e-06 
220   72               78 7.294e-06 
240   79               91 1.563e-06 
260   83               92 1.553e-06 
280   89               85 1.423e-06 
300   97               91 1.412e-06 
320  101               88 1.352e-06 
340  111              100 1.673e-06 
360  115               87 1.373e-06 
380  120              107 1.724e-06 
400  128               99 1.523e-06 
420  134              112 3.106e-06 
440  139               94 1.503e-06 
460  147              100 1.593e-06 
480  152              113 1.653e-06 
500  157              108 1.603e-06 
520  164              106 1.523e-06 
540  169              119 1.723e-06 
560  175              111 1.703e-06 
580  182              123 1.743e-06 
600  186              122 1.583e-06 
620  192              112 1.533e-06 
640  200              127 1.723e-06 
660  204              126 4.999e-06 
680  210              130 1.823e-06 
700  218              129 1.773e-06 
720  222              128 1.724e-06 
740  231              138 1.894e-06 
760  235              141 1.893e-06 
780  239              147 2.134e-06 
800  248              136 1.924e-06
