  1    1                1 3.446e-06 
  2    2                2 1.643e-06 
  3    3                3 1.362e-06 
  4    3                3 1.593e-06 
  5    4                4 1.713e-06 
  6    4                4 1.603e-06 
  7    5                5 1.543e-06 
  8    5                5 1.503e-06 
  9    5                5 2.054e-06 
 10    6                6 2.064e-06 
 11    6                6 8.220e-07 
 12    6                6 4.510e-07 
 13    7                7 3.800e-07 
 14    7                7 3.910e-07 
 15    7                7 3.310e-07 
 16    7                7 4.510e-07 
 17    8                8 4.010e-07 
 18    8                8 3.610e-07 
 19    8                8 3.400e-07 
 20    8                8 4.010e-07 
 21    9                9 9.720e-07 
 22    9                9 4.510e-07 
 23    9                9 3.910e-07 
 24    9                9 3.810e-07 
 25    9                9 5.310e-07 
 26   10               10 4.610e-07 
 27   10               10 3.810e-07 
 28   10               10 3.810e-07 
 29   10               10 3.910e-07 
 30   11               11 5.210e-07 
 31   11               11 5.010e-07 
 32   11               11 4.810e-07 
 33   12               12 4.810e-07 
 34   12               12 5.010e-07 
 35   12               12 4.610e-07 
 36   13               13 7.410e-07 
 37   13               13 8.410e-07 
 38   13               13 6.010e-07 
 39   14               14 5.510e-07 
 40   14               14 5.310e-07 
 41   14               14 5.210e-07 
 42   15               15 5.410e-07 
 43   15               15 5.510e-07 
 44   15               15 5.510e-07 
 45   16               16 5.610e-07 
 46   16               16 5.610e-07 
 47   16               16 5.810e-07 
 48   16               16 5.610e-07 
 49   17               17 5.710e-07 
 50   17               17 5.720e-07 
 55   19               19 1.503e-06 
 60   22               22 8.820e-07 
 65   24               24 7.920e-07 
 70   26               26 7.910e-07 
 75   27               27 7.620e-07 
 80   28               28 8.220e-07 
 85   29               29 8.110e-07 
 90   30               30 8.910e-07 
 95   32               32 1.102e-06 
100   34               34 1.182e-06 
110   39               39 2.975e-06 
120   42               42 1.273e-06 
130   44               44 1.223e-06 
140   46               46 1.303e-06 
150   48               48 1.383e-06 
160   52               52 1.643e-06 
170   57               57 1.794e-06 
180   60               60 1.744e-06 
190   62               62 1.693e-06 
200   64               64 1.773e-06 
220   72               72 2.846e-06 
240   79               79 2.264e-06 
260   83               83 2.474e-06 
280   89               89 2.444e-06 
300   97               97 2.545e-06 
320  101              101 2.745e-06 
340  111              111 2.805e-06 
360  115              115 2.966e-06 
380  120              120 3.136e-06 
400  128              128 3.517e-06 
420  134              134 4.328e-06 
440  139              139 4.027e-06 
460  147              147 3.757e-06 
480  152              152 3.827e-06 
500  157              157 4.098e-06 
520  164              164 4.218e-06 
540  169              169 4.317e-06 
560  175              175 4.519e-06 
580  182              182 4.649e-06 
600  186              186 4.809e-06 
620  192              192 5.059e-06 
640  200              200 5.119e-06 
660  204              204 4.829e-06 
680  210              210 5.490e-06 
700  218              218 5.419e-06 
720  222              222 5.741e-06 
740  231              231 5.883e-06 
760  235              235 6.012e-06 
780  239              239 5.929e-06 
800  248              248 6.378e-06 
