  1   1                1 2.704e-06
  2   2                2 1.442e-06
  3   3                3 1.132e-06
  4   3                3 1.363e-06
  5   4                4 1.442e-06
  6   4                4 1.413e-06
  7   5                5 1.312e-06
  8   5                5 1.212e-06
  9   5                5 1.673e-06
 10   6                6 1.803e-06
 11   6                6 1.102e-06
 12   6                6 6.610e-07
 13   7                7 4.610e-07
 14   7                7 4.600e-07
 15   7                7 4.210e-07
 16   7                7 5.810e-07
 17   8                8 5.510e-07
 18   8                8 4.610e-07
 19   8                8 4.300e-07
 20   8                8 5.510e-07
 21   9                9 5.469e-06
 22   9                9 5.910e-07
 23   9                9 5.510e-07
 24   9                9 5.310e-07
 25   9                9 7.310e-07
 26  10               10 5.510e-07
 27  10               10 5.110e-07
 28  10               10 5.000e-07
 29  10               10 5.310e-07
 30  11               11 7.310e-07
 31  11               11 6.920e-07
 32  11               11 7.210e-07
 33  12               12 6.610e-07
 34  12               12 6.710e-07
 35  12               12 6.620e-07
 36  13               13 1.002e-06
 37  13               13 1.152e-06
 38  13               13 7.720e-07
 39  14               14 7.410e-07
 40  14               14 6.910e-07
 41  14               14 1.773e-06
 42  15               15 8.510e-07
 43  15               15 7.310e-07
 44  15               15 7.520e-07
 45  16               16 7.410e-07
 46  16               16 7.510e-07
 47  16               16 7.610e-07
 48  16               16 7.510e-07
 49  17               17 7.310e-07
 50  17               17 7.510e-07
 55  19               19 1.864e-06
 60  22               22 1.112e-06
 65  24               24 1.042e-06
 70  26               26 1.002e-06
 75  27               27 1.032e-06
 80  28               28 1.122e-06
 85  29               29 1.082e-06
 90  30               30 1.223e-06
 95  32               32 1.473e-06
100  34               34 1.543e-06
110  39               39 2.695e-06
120  42               42 1.613e-06
130  44               44 1.632e-06
140  46               46 1.843e-06
150  48               48 1.853e-06
160  52               52 2.294e-06
170  57               57 2.374e-06
180  60               60 2.304e-06
190  62               62 2.264e-06
200  64               64 2.415e-06
220  72               72 3.907e-06
240  79               79 3.235e-06
260  83               83 3.056e-06
280  89               89 3.356e-06
300  97               97 3.396e-06
320 101              101 3.486e-06
340 111              111 3.519e-06
360 115              115 4.017e-06
380 120              120 4.228e-06
400 128              128 4.518e-06
420 134              134 6.100e-06
440 139              139 5.279e-06
460 147              147 5.069e-06
480 152              152 5.219e-06
500 157              157 5.640e-06
520 164              164 5.680e-06
540 169              169 5.800e-06
560 175              175 6.101e-06
580 182              182 6.332e-06
600 186              186 6.552e-06
620 192              192 6.983e-06
640 200              200 6.973e-06
660 204              204 7.133e-06
680 210              210 7.303e-06
700 218              218 7.583e-06
720 222              222 7.684e-06
740 231              231 7.925e-06
760 235              235 8.144e-06
780 239              239 8.405e-06
800 248              248 8.906e-06
