  1   1                0 2.915e-06
  2   2                0 1.944e-06
  3   3                0 1.213e-06
  4   3                0 1.453e-06
  5   4                0 1.413e-06
  6   4                0 1.303e-06
  7   5                0 1.302e-06
  8   5                0 1.232e-06
  9   5                0 1.523e-06
 10   6                0 1.413e-06
 11   6                0 7.010e-07
 12   6                0 3.500e-07
 13   7                0 2.900e-07
 14   7                0 4.310e-07
 15   7                0 5.110e-07
 16   7                0 5.510e-07
 17   8                0 5.010e-07
 18   8                0 5.110e-07
 19   8                0 5.510e-07
 20   8                0 6.910e-07
 21   9                0 8.720e-07
 22   9                0 3.910e-07
 23   9                0 3.710e-07
 24   9                0 4.010e-07
 25   9                0 4.210e-07
 26  10                0 4.110e-07
 27  10                0 3.710e-07
 28  10                0 3.500e-07
 29  10                0 3.600e-07
 30  11                0 3.710e-07
 31  11                0 3.510e-07
 32  11                0 3.410e-07
 33  12                0 3.300e-07
 34  12                0 3.300e-07
 35  12                0 3.410e-07
 36  13                0 3.410e-07
 37  13                0 3.400e-07
 38  13                0 3.500e-07
 39  14                0 3.410e-07
 40  14                0 3.510e-07
 41  14                0 3.600e-07
 42  15                0 3.610e-07
 43  15                0 3.710e-07
 44  15                0 3.810e-07
 45  16                0 3.900e-07
 46  16                0 3.700e-07
 47  16                0 4.100e-07
 48  16                0 4.610e-07
 49  17                0 3.710e-07
 50  17                0 3.810e-07
 55  19                0 8.120e-07
 60  22                0 5.710e-07
 65  24                0 5.110e-07
 70  26                0 4.210e-07
 75  27                0 4.510e-07
 80  28                0 4.310e-07
 85  29                0 4.910e-07
 90  30                0 5.110e-07
 95  32                0 4.610e-07
100  34                0 4.510e-07
110  39                0 1.062e-06
120  42                0 7.120e-07
130  44                0 5.910e-07
140  46                0 6.210e-07
150  48                0 6.710e-07
160  52                0 6.210e-07
170  57                0 5.920e-07
180  60                0 6.510e-07
190  62                0 6.810e-07
200  64                0 6.810e-07
220  72                0 1.453e-06
240  79                0 1.042e-06
260  83                0 9.320e-07
280  89                0 9.010e-07
300  97                0 9.120e-07
320 101                0 8.920e-07
340 111                0 1.012e-06
360 115                0 9.620e-07
380 120                0 1.183e-06
400 128                0 1.092e-06
420 134                0 2.094e-06
440 139                0 1.593e-06
460 147                0 1.402e-06
480 152                0 1.383e-06
500 157                0 1.273e-06
520 164                0 1.353e-06
540 169                0 1.383e-06
560 175                0 1.423e-06
580 182                0 1.443e-06
600 186                0 1.473e-06
620 192                0 1.503e-06
640 200                0 1.543e-06
660 204                0 1.644e-06
680 210                0 5.681e-06
700 218                0 1.713e-06
720 222                0 1.753e-06
740 231                0 1.824e-06
760 235                0 1.814e-06
780 239                0 1.924e-06
800 248                0 1.974e-06
