  1    1                2 2.054e-06
  2    2                3 1.113e-06
  3    3                5 9.820e-07
  4    3                8 1.172e-06
  5    4               13 1.243e-06
  6    4               22 1.583e-06
  7    5               36 1.633e-06
  8    5               60 1.984e-06
  9    5              100 2.655e-06
 10    6              167 3.546e-06
 11    6              279 3.376e-06
 12    6              465 3.577e-06
 13    7              777 5.400e-06
 14    7             1297 8.516e-06
 15    7             2165 1.373e-05
 16    7             3614 2.274e-05
 17    8             6031 3.689e-05
 18    8            10065 6.099e-05
 19    8            16795 1.013e-04
 20    8            28011 1.687e-04
 21    9            46724 2.726e-04
 22    9            77940 4.675e-04
 23    9           130018 7.792e-04
 24    9           216884 1.297e-03
 25    9           361795 2.181e-03
 26   10           599912 3.586e-03
 27   10           997122 6.032e-03
 28   10          1659747 9.835e-03
 29   10          2761495 1.645e-02
 30   11          4599395 2.722e-02
 31   11          7702564 4.517e-02
 32   11         12803795 7.515e-02
 33   12         21306293 1.261e-01
 34   12         35512666 2.114e-01
 35   12         59117851 3.498e-01
 36   13         98492776 5.806e-01
 37   13        164114436 9.683e-01
 38   13        273408602 1.609e+00
 39   14        455591670 2.688e+00
 40   14        759109266 3.990e+00
 41   14       1264877251 5.374e+00
 42   15       2118524472 9.028e+00
 43   15       3540919788 1.510e+01
