  1    1                1 9.720e-07 
  2    2                1 5.610e-07 
  3    3                2 4.510e-07 
  4    3                2 4.710e-07 
  5    4                2 4.110e-07 
  6    4                2 4.110e-07 
  7    5                3 3.710e-07 
  8    5                3 3.910e-07 
  9    5                3 4.910e-07 
 10    6                3 3.910e-07 
 11    6                3 1.252e-06 
 12    6                3 4.210e-07 
 13    7                4 4.510e-07 
 14    7                4 4.110e-07 
 15    7                4 4.500e-07 
 16    7                4 5.510e-07 
 17    8                4 4.600e-07 
 18    8                4 4.510e-07 
 19    8                4 4.810e-07 
 20    8                4 5.110e-07 
 21    9                5 1.002e-06 
 22    9                5 4.310e-07 
 23    9                5 4.510e-07 
 24    9                5 4.400e-07 
 25    9                5 4.710e-07 
 26   10                5 3.300e-07 
 27   10                5 3.610e-07 
 28   10                5 3.900e-07 
 29   10                5 3.910e-07 
 30   11                6 3.310e-07 
 31   11                6 3.600e-07 
 32   11                6 3.510e-07 
 33   12                7 3.410e-07 
 34   12                7 5.820e-07 
 35   12                7 5.810e-07 
 36   13                8 3.510e-07 
 37   13                8 3.600e-07 
 38   13                8 3.610e-07 
 39   14                9 7.120e-07 
 40   14                9 3.810e-07 
 41   14                9 3.800e-07 
 42   15               10 4.010e-07 
 43   15               10 3.910e-07 
 44   15               10 4.010e-07 
 45   16               11 4.110e-07 
 46   16               11 4.110e-07 
 47   16               11 4.510e-07 
 48   16               11 4.810e-07 
 49   17                4 3.300e-07 
 50   17                4 3.310e-07 
 55   19                6 1.052e-06 
 60   22                9 4.110e-07 
 65   24               11 4.110e-07 
 70   26               13 5.010e-07 
 75   27                5 4.310e-07 
 80   28                5 4.310e-07 
 85   29                6 5.010e-07 
 90   30                6 5.000e-07 
 95   32                8 4.410e-07 
100   34               10 4.110e-07 
110   39               15 1.072e-06 
120   42               18 6.210e-07 
130   44                6 4.510e-07 
140   46                7 5.210e-07 
150   48                9 6.010e-07 
160   52               10 4.910e-07 
170   57               15 4.610e-07 
180   60               18 5.110e-07 
190   62                6 6.010e-07 
200   64                6 5.010e-07 
220   72               14 1.873e-06 
240   79               20 7.410e-07 
260   83                8 5.510e-07 
280   89               12 5.910e-07 
300   97               15 5.210e-07 
320  101                8 4.710e-07 
340  111               16 1.503e-06 
360  115                7 4.810e-07 
380  120               10 6.610e-07 
400  128               14 5.410e-07 
420  134               19 1.683e-06 
440  139               10 9.020e-07 
460  147               17 6.410e-07 
480  152                8 5.510e-07 
500  157               10 5.210e-07 
520  164               16 5.820e-07 
540  169               11 6.010e-07 
560  175               12 1.062e-06 
580  182               18 5.910e-07 
600  186                8 5.710e-07 
620  192               13 5.720e-07 
640  200               17 5.310e-07 
660  204                8 4.900e-07 
680  210               13 6.720e-07 
700  218               14 6.310e-07 
720  222                8 5.910e-07 
740  231               15 4.810e-07 
760  235                8 4.810e-07 
780  239                9 5.810e-07 
800  248               15 5.810e-07 
