  1   1                2 1.974e-06
  2   2                3 1.042e-06
  3   3                5 8.010e-07
  4   3                8 1.011e-06
  5   4               13 1.162e-06
  6   4               22 1.322e-06
  7   5               36 1.362e-06
  8   5               60 1.713e-06
  9   5              100 2.274e-06
 10   6              167 3.026e-06
 11   6              279 8.194e-06
 12   6              465 9.657e-06
 13   7              777 1.465e-05
 14   7             1297 2.955e-05
 15   7             2165 6.550e-05
 16   7             3614 7.900e-05
 17   8             6031 1.173e-04
 18   8            10065 1.819e-04
 19   8            16795 2.888e-04
 20   8            28011 4.912e-04
 21   9            46724 2.710e-04
 22   9            77940 4.860e-04
 23   9           130018 8.066e-04
 24   9           216884 1.314e-03
 25   9           361795 2.162e-03
 26  10           599912 4.494e-03
 27  10           997122 5.967e-03
 28  10          1659747 1.004e-02
 29  10          2761495 1.624e-02
 30  11          4599395 2.729e-02
 31  11          7702564 4.528e-02
 32  11         12803795 7.530e-02
 33  12         21306293 1.257e-01
 34  12         35512666 2.092e-01
 35  12         59117851 3.474e-01
 36  13         98492776 5.965e-01
 37  13        164114436 9.669e-01
 38  13        273408602 1.615e+00
 39  14        455591670 2.678e+00
 40  14        759109266 3.965e+00
 41  14       1264877251 5.440e+00
 42  15       2118524472 9.248e+00
 43  15       3540919788 1.550e+01
 44  15       5911111247 2.589e+01
 45  16       9871346606 4.362e+01
