  1   1                2 9.820e-07
  2   2                3 1.963e-06
  3   3                5 1.383e-06
  4   3                5 7.510e-07
  5   4                7 9.520e-07
  6   4                8 9.920e-07
  7   5               10 7.520e-07
  8   5               12 8.410e-07
  9   5               10 1.062e-06
 10   6               13 1.082e-06
 11   6               15 1.533e-06
 12   6               13 6.060e-07
 13   7               17 9.720e-07
 14   7               20 7.120e-07
 15   7               20 6.510e-07
 16   7               16 8.527e-06
 17   8               20 1.142e-06
 18   8               23 1.287e-06
 19   8               24 1.112e-06
 20   8               20 2.275e-06
 21   9               24 1.503e-06
 22   9               28 9.920e-07
 23   9               29 8.820e-07
 24   9               26 7.610e-07
 25   9               19 5.910e-07
 26  10               22 9.310e-07
 27  10               24 7.510e-07
 28  10               23 6.510e-07
 29  10               20 5.510e-07
 30  11               22 6.610e-07
 31  11               24 6.620e-07
 32  11               22 5.810e-07
 33  12               24 6.210e-07
 34  12               26 6.820e-07
 35  12               24 6.110e-07
 36  13               26 6.120e-07
 37  13               28 7.220e-07
 38  13               26 6.310e-07
 39  14               28 6.410e-07
 40  14               30 7.110e-07
 41  14               28 7.020e-07
 42  15               31 6.910e-07
 43  15               33 7.410e-07
 44  15               31 6.610e-07
 45  16               35 8.420e-07
 46  16               38 7.720e-07
 47  16               37 7.610e-07
 48  16               33 8.210e-07
 49  17               35 8.010e-07
 50  17               36 9.010e-07
 55  19               38 1.614e-06
 60  22               44 1.242e-06
 65  24               51 1.223e-06
 70  26               56 1.052e-06
 75  27               62 1.102e-06
 80  28               71 7.208e-06
 85  29               75 1.523e-06
 90  30               69 1.593e-06
 95  32               67 1.343e-06
100  34               71 1.253e-06
110  39               84 2.224e-06
120  42               95 1.703e-06
130  44              105 1.533e-06
140  46              114 1.452e-06
150  48              110 1.523e-06
160  52              110 1.754e-06
170  57              120 1.773e-06
180  60              133 1.603e-06
190  62              137 1.703e-06
200  64              152 2.275e-06
220  72              150 2.094e-06
240  79              172 1.433e-06
260  83              178 1.332e-06
280  89              185 1.383e-06
300  97              209 2.304e-06
320 101              211 1.483e-06
340 111              233 1.583e-06
360 115              241 5.941e-06
380 120              267 7.825e-06
400 128              268 1.723e-06
420 134              289 3.085e-06
440 139              293 2.304e-06
460 147              308 2.044e-06
480 152              327 2.204e-06
500 157              328 2.104e-06
520 164              348 2.235e-06
540 169              367 2.305e-06
560 175              367 2.365e-06
580 182              387 4.047e-06
600 186              396 7.795e-06
620 192              402 2.585e-06
640 200              426 2.575e-06
660 204              430 2.636e-06
680 210              441 2.706e-06
700 218              462 2.786e-06
720 222              466 2.846e-06
740 231              486 2.886e-06
760 235              498 2.896e-06
780 239              509 3.116e-06
800 248              521 3.897e-06
